0.07661628235531005
0.0887897563637161
0.10101850133532957
0.11329246921868276
0.12560153929250978
0.13793553510061182
0.15028424136013466
0.162637420817858
0.1749848310293058
0.18731624103573044
0.19962144791430425
0.2118902931771704
0.22411267899535348
0.23627858422392117
0.24837808020520286
0.2604013463273282
0.2723386853158306
0.2841805382365784
0.2959174991888415
0.30754032966787814
0.31903997257702926
0.3304075658699412
0.3416344558041922
0.3527122097882853
0.3636326288046712
0.3743877593922018
0.38496990517215995
0.3953716379027856
0.4055858080480122
0.415605554846929
0.4254243158713215
0.43503583605947094
0.44443417621525794
0.4536137209624814
0.4625691861451785
0.4712956256656231
0.4797884377525822
0.48804337065330283
0.4960565277436259
0.5038243720515265
0.5113437301903049
0.518611795698569
0.5256261317850685
0.5323846734773579
0.5388857291741844
0.5451279816024033
0.5511104881801336
0.5568326807887639
0.5622943649573097
0.567495718463507
0.5724372893568958
0.5771199934100074
0.5815451110046189
0.5857142834608621
0.5896295088177993
0.5932931370748706
0.5967078649044039
0.5998767298461357
0.6028031039954396
0.6054906871976735
0.6079434997617613
0.6101658747067965
0.6121624495561083
0.6139381576938586
0.6154982192998361
0.6168481318786904
0.6179936604003957
0.6189408270692508
0.6196959007392122
0.62026538599382
0.6206560119094038
0.6208747205206567
0.620928655008035
0.6208251476267777
0.6205717073976469
0.6201760075797619
0.6196458729461414
0.6189892668827769
0.6182142783322363
0.6173291086029369
0.6163420580653375
0.6152615127563775
0.6140959309135301
0.6128538294598472
0.611543770461356
0.6101743475781042
0.6087541725300646
0.6072918615989953
0.6057960221871885
0.6042752394538669
0.602738063049765
0.6011929939701888
0.5996484715465713
0.5981128605962367
0.5965944387497436
0.5951013839748287
0.5936417623155642
0.592223515864935
0.590854450988597
0.5895422268170967
